4294967279,100
4294967278,411
4294967279,572
4294967279,530
4294967279,199
4294967278,410
4294967278,346
4294967278,197
4294967279,340
4294967278,160
4294967278,157
4294967278,151
4294967278,150
4294967278,137
4294967279,285
4294967278,378
4294967279,560
4294967278,262
4294967278,386
4294967278,409
4294967279,90
4294967279,89
4294967279,80
4294967279,66
4294967278,408
4294967278,341
4294967279,87
4294967279,534
4294967278,339
4294967279,85
4294967279,312
4294967279,193
4294967278,191
4294967279,190
4294967279,339
4294967279,185
4294967278,183
4294967279,75
4294967279,74
4294967279,73
4294967279,71
4294967279,528
4294967278,168
4294967278,162
4294967278,152
4294967279,338
4294967278,148
4294967278,147
4294967278,142
4294967278,277
4294967278,407
4294967278,324
4294967278,387
4294967279,516
4294967279,244
4294967279,106
4294967279,105
4294967279,104
4294967279,92
4294967279,91
4294967279,72
4294967279,61
4294967279,60
4294967279,527
4294967279,59
4294967279,57
4294967279,258
4294967279,257
4294967278,368
4294967279,318
4294967278,320
4294967278,253
4294967278,250
217,5
217,4
217,3
217,2
217,1
4294967279,111
4294967279,232
4294967278,231
4294967278,228
4294967278,226
215,5
215,4
215,3
215,2
215,1
4294967279,102
4294967278,214
4294967294,192
4294967294,995
4294967279,337
4294967279,97
4294967278,207
4294967278,206
4294967294,471
4294967279,313
213,5
213,4
213,3
213,2
213,1
4294967278,374
4294967278,200
4294967279,84
4294967279,197
4294967279,310
4294967278,406
4294967279,196
4294967278,195
4294967279,308
4294967278,194
4294967279,194
4294967278,193
4294967279,192
4294967278,189
211,5
211,4
4294967278,190
211,3
211,2
211,1
4294967278,305
4294967278,188
4294967279,188
4294967278,187
4294967278,186
4294967279,571
4294967279,300
4294967278,302
4294967278,177
209,5
209,4
209,3
209,2
209,1
4294967278,337
4294967279,173
4294967279,168
4294967279,167
4294967278,166
4294967278,164
4294967278,163
4294967279,163
207,5
4294967279,162
207,4
207,3
207,2
207,1
4294967279,161
4294967278,159
4294967278,158
4294967294,199
205,6
205,5
205,4
205,3
205,2
205,1
4294967279,289
4294967294,399
4294967294,178
4294967294,179
4294967294,406
4294967294,183
4294967294,398
4294967294,1014
4294967294,164
4294967294,400
4294967294,108
4294967294,463
4294967294,453
4294967279,288
4294967279,522
4294967278,136
4294967278,327
202,4
4294967279,279
202,3
202,2
202,1
4294967278,274
4294967278,273
4294967278,271
4294967279,262
4294967278,266
201,5
201,4
201,3
201,2
201,1
4294967279,253
4294967278,258
4294967278,257
4294967279,513
199,5
199,4
199,3
199,2
199,1
4294967278,244
4294967294,1416
4294967278,242
4294967278,235
197,5
197,4
197,3
197,2
197,1
4294967278,225
4294967278,218
195,4
195,3
195,2
195,1
4294967278,405
4294967278,202
4294967279,336
4294967278,201
193,5
193,4
193,3
193,2
193,1
192,6
4294967279,305
192,5
192,4
192,3
192,2
192,1
191,5
4294967294,401
191,4
191,3
191,2
191,1
4294967279,298
4294967294,392
4294967278,179
4294967279,297
4294967279,566
190,5
190,4
190,3
190,2
190,1
4294967279,175
4294967278,173
4294967278,171
189,4
189,3
189,2
189,1
4294967279,335
4294967278,169
4294967294,385
4294967294,148
4294967294,407
4294967294,415
4294967294,1008
4294967294,384
4294967294,167
4294967294,468
4294967294,402
4294967294,116
4294967294,466
4294967294,387
4294967278,356
4294967279,334
4294967278,385
4294967279,525
4294967278,384
4294967279,156
4294967278,297
4294967279,524
4294967278,332
4294967279,523
4294967278,331
4294967279,291
4294967278,296
4294967279,290
4294967278,382
4294967278,247
4294967278,375
4294967278,37
4294967278,36
4294967278,35
4294967278,34
4294967278,379
4294967278,33
4294967278,293
4294967278,32
4294967278,329
4294967278,31
4294967278,30
4294967278,29
4294967278,28
4294967278,27
4294967278,26
4294967278,25
4294967278,260
4294967278,24
4294967278,23
4294967278,22
4294967278,21
4294967278,20
4294967278,19
4294967278,18
4294967278,17
4294967278,16
4294967278,283
4294967278,15
4294967278,14
4294967278,12
4294967278,11
4294967278,10
4294967278,9
4294967278,8
4294967278,7
4294967278,6
4294967278,5
4294967278,259
4294967278,4
4294967279,132
4294967279,131
4294967279,130
4294967279,129
4294967279,128
4294967279,127
4294967279,126
4294967279,125
4294967279,124
4294967279,123
4294967279,567
4294967279,122
4294967279,121
4294967279,120
4294967279,119
4294967279,118
4294967279,117
4294967279,116
4294967279,115
4294967279,114
4294967279,226
4294967279,22
4294967279,21
4294967279,20
4294967279,18
4294967279,13
4294967279,12
4294967279,11
4294967279,10
4294967279,564
4294967278,294
4294967294,30
4294967294,142
4294967294,141
4294967294,139
4294967294,138
4294967294,133
4294967294,1016
4294967294,992
4294967294,990
4294967294,989
4294967294,988
4294967294,987
4294967294,60
4294967294,12
4294967278,143
4294967278,348
4294967278,138
4294967279,284
4294967278,135
4294967279,271
4294967278,272
4294967279,16
4294967279,264
4294967279,518
4294967278,404
4294967278,13
4294967278,267
4294967278,281
4294967279,261
4294967278,265
188,5
188,4
4294967278,325
188,2
188,1
4294967279,256
4294967279,281
4294967279,254
4294967294,1005
4294967294,1012
4294967294,996
4294967294,162
4294967294,176
4294967279,514
4294967278,377
4294967278,322
4294967279,512
4294967278,321
186,5
4294967279,319
186,4
4294967278,254
186,2
186,1
4294967278,319
4294967279,317
4294967278,248
4294967278,246
4294967278,238
4294967279,556
4294967278,237
4294967278,376
4294967278,236
184,5
184,4
4294967278,230
184,2
184,1
4294967278,229
4294967279,222
4294967278,222
4294967278,220
4294967279,316
4294967278,316
4294967278,212
4294967278,403
4294967278,211
4294967278,210
4294967278,209
182,5
182,4
4294967278,208
182,3
182,2
182,1
4294967278,315
4294967278,204
4294967278,203
4294967278,402
4294967279,200
4294967278,199
4294967278,198
180,5
4294967279,195
180,4
180,3
180,2
180,1
4294967278,309
4294967279,191
4294967279,302
4294967278,401
4294967294,396
4294967294,395
4294967294,449
4294967294,411
4294967278,185
4294967278,303
4294967278,181
178,5
178,4
4294967278,180
178,2
178,1
4294967278,300
4294967279,177
4294967278,176
4294967294,469
4294967279,176
4294967278,175
4294967279,172
4294967279,171
4294967278,170
4294967294,38
4294967294,437
4294967294,205
4294967294,36
4294967279,170
4294967279,169
4294967279,164
176,6
176,5
4294967278,165
176,4
4294967279,165
176,2
176,1
4294967278,161
4294967279,160
4294967279,159
4294967278,156
4294967279,153
4294967279,155
4294967278,155
4294967279,154
4294967278,154
4294967294,39
4294967279,152
173,4
4294967279,147
173,3
173,2
173,1
4294967294,388
4294967279,146
4294967279,143
4294967279,142
4294967278,141
4294967278,400
172,5
4294967279,272
172,4
172,3
172,2
172,1
4294967294,1010
4294967294,198
4294967294,185
4294967294,195
4294967278,275
4294967279,266
4294967278,270
170,5
170,4
170,3
170,2
170,1
4294967278,371
168,5
168,4
168,2
168,1
4294967278,240
166,4
166,3
166,2
